/*--------------------------------*- C++ -*----------------------------------*\
| =========                 |                                                 |
| \\      /  F ield         | OpenFOAM: The Open Source CFD Toolbox           |
|  \\    /   O peration     | Version:  2.4.0                                 |
|   \\  /    A nd           | Web:      www.OpenFOAM.org                      |
|    \\/     M anipulation  |                                                 |
\*---------------------------------------------------------------------------*/
FoamFile
{
    version     2.0;
    format      ascii;
    class       cellSet;
    location    "constant/polyMesh/sets";
    object      highAspectRatioCells;
}
// * * * * * * * * * * * * * * * * * * * * * * * * * * * * * * * * * * * * * //


6300
(
0 
1 
2 
3 
4 
5 
6 
7 
8 
9 
10 
11 
12 
13 
14 
15 
16 
17 
18 
19 
20 
21 
22 
23 
24 
25 
26 
27 
28 
29 
30 
31 
32 
33 
34 
35 
36 
37 
38 
39 
40 
41 
42 
43 
44 
45 
46 
47 
48 
49 
50 
51 
52 
53 
54 
55 
56 
57 
58 
59 
60 
61 
62 
63 
64 
65 
66 
67 
68 
69 
70 
71 
72 
73 
74 
75 
76 
77 
78 
79 
80 
81 
82 
83 
84 
85 
86 
87 
88 
89 
90 
91 
92 
93 
94 
95 
96 
97 
98 
99 
100 
101 
102 
103 
104 
105 
106 
107 
108 
109 
110 
111 
112 
113 
114 
115 
116 
117 
118 
119 
120 
121 
122 
123 
124 
125 
126 
127 
128 
129 
130 
131 
132 
133 
134 
135 
136 
137 
138 
139 
140 
141 
142 
143 
144 
145 
146 
147 
148 
149 
150 
151 
152 
153 
154 
155 
156 
157 
158 
159 
160 
161 
162 
163 
164 
165 
166 
167 
168 
169 
170 
171 
172 
173 
174 
175 
176 
177 
178 
179 
180 
181 
182 
183 
184 
185 
186 
187 
188 
189 
190 
191 
192 
193 
194 
195 
196 
197 
198 
199 
200 
201 
202 
203 
204 
205 
206 
207 
208 
209 
210 
211 
212 
213 
214 
215 
216 
217 
218 
219 
220 
221 
222 
223 
224 
225 
226 
227 
228 
229 
230 
231 
232 
233 
234 
235 
236 
237 
238 
239 
240 
241 
242 
243 
244 
245 
246 
247 
248 
249 
250 
251 
252 
253 
254 
255 
256 
257 
258 
259 
260 
261 
262 
263 
264 
265 
266 
267 
268 
269 
270 
271 
272 
273 
274 
275 
276 
277 
278 
279 
280 
281 
282 
283 
284 
285 
286 
287 
288 
289 
290 
291 
292 
293 
294 
295 
296 
297 
298 
299 
300 
301 
302 
303 
304 
305 
306 
307 
308 
309 
310 
311 
312 
313 
314 
315 
316 
317 
318 
319 
320 
321 
322 
323 
324 
325 
326 
327 
328 
329 
330 
331 
332 
333 
334 
335 
336 
337 
338 
339 
340 
341 
342 
343 
344 
345 
346 
347 
348 
349 
350 
351 
352 
353 
354 
355 
356 
357 
358 
359 
360 
361 
362 
363 
364 
365 
366 
367 
368 
369 
370 
371 
372 
373 
374 
375 
376 
377 
378 
379 
380 
381 
382 
383 
384 
385 
386 
387 
388 
389 
390 
391 
392 
393 
394 
395 
396 
397 
398 
399 
400 
401 
402 
403 
404 
405 
406 
407 
408 
409 
410 
411 
412 
413 
414 
415 
416 
417 
418 
419 
420 
421 
422 
423 
424 
425 
426 
427 
428 
429 
430 
431 
432 
433 
434 
435 
436 
437 
438 
439 
440 
441 
442 
443 
444 
445 
446 
447 
448 
449 
450 
451 
452 
453 
454 
455 
456 
457 
458 
459 
460 
461 
462 
463 
464 
465 
466 
467 
468 
469 
470 
471 
472 
473 
474 
475 
476 
477 
478 
479 
480 
481 
482 
483 
484 
485 
486 
487 
488 
489 
490 
491 
492 
493 
494 
495 
496 
497 
498 
499 
500 
501 
502 
503 
504 
505 
506 
507 
508 
509 
510 
511 
512 
513 
514 
515 
516 
517 
518 
519 
520 
521 
522 
523 
524 
525 
526 
527 
528 
529 
530 
531 
532 
533 
534 
535 
536 
537 
538 
539 
540 
541 
542 
543 
544 
545 
546 
547 
548 
549 
550 
551 
552 
553 
554 
555 
556 
557 
558 
559 
560 
561 
562 
563 
564 
565 
566 
567 
568 
569 
570 
571 
572 
573 
574 
575 
576 
577 
578 
579 
580 
581 
582 
583 
584 
585 
586 
587 
588 
589 
590 
591 
592 
593 
594 
595 
596 
597 
598 
599 
600 
601 
602 
603 
604 
605 
606 
607 
608 
609 
610 
611 
612 
613 
614 
615 
616 
617 
618 
619 
620 
621 
622 
623 
624 
625 
626 
627 
628 
629 
630 
631 
632 
633 
634 
635 
636 
637 
638 
639 
640 
641 
642 
643 
644 
645 
646 
647 
648 
649 
650 
651 
652 
653 
654 
655 
656 
657 
658 
659 
660 
661 
662 
663 
664 
665 
666 
667 
668 
669 
670 
671 
672 
673 
674 
675 
676 
677 
678 
679 
680 
681 
682 
683 
684 
685 
686 
687 
688 
689 
690 
691 
692 
693 
694 
695 
696 
697 
698 
699 
700 
701 
702 
703 
704 
705 
706 
707 
708 
709 
710 
711 
712 
713 
714 
715 
716 
717 
718 
719 
720 
721 
722 
723 
724 
725 
726 
727 
728 
729 
730 
731 
732 
733 
734 
735 
736 
737 
738 
739 
740 
741 
742 
743 
744 
745 
746 
747 
748 
749 
750 
751 
752 
753 
754 
755 
756 
757 
758 
759 
760 
761 
762 
763 
764 
765 
766 
767 
768 
769 
770 
771 
772 
773 
774 
775 
776 
777 
778 
779 
780 
781 
782 
783 
784 
785 
786 
787 
788 
789 
790 
791 
792 
793 
794 
795 
796 
797 
798 
799 
800 
801 
802 
803 
804 
805 
806 
807 
808 
809 
810 
811 
812 
813 
814 
815 
816 
817 
818 
819 
820 
821 
822 
823 
824 
825 
826 
827 
828 
829 
830 
831 
832 
833 
834 
835 
836 
837 
838 
839 
840 
841 
842 
843 
844 
845 
846 
847 
848 
849 
850 
851 
852 
853 
854 
855 
856 
857 
858 
859 
860 
861 
862 
863 
864 
865 
866 
867 
868 
869 
870 
871 
872 
873 
874 
875 
876 
877 
878 
879 
880 
881 
882 
883 
884 
885 
886 
887 
888 
889 
890 
891 
892 
893 
894 
895 
896 
897 
898 
899 
900 
901 
902 
903 
904 
905 
906 
907 
908 
909 
910 
911 
912 
913 
914 
915 
916 
917 
918 
919 
920 
921 
922 
923 
924 
925 
926 
927 
928 
929 
930 
931 
932 
933 
934 
935 
936 
937 
938 
939 
940 
941 
942 
943 
944 
945 
946 
947 
948 
949 
950 
951 
952 
953 
954 
955 
956 
957 
958 
959 
960 
961 
962 
963 
964 
965 
966 
967 
968 
969 
970 
971 
972 
973 
974 
975 
976 
977 
978 
979 
980 
981 
982 
983 
984 
985 
986 
987 
988 
989 
990 
991 
992 
993 
994 
995 
996 
997 
998 
999 
1000 
1001 
1002 
1003 
1004 
1005 
1006 
1007 
1008 
1009 
1010 
1011 
1012 
1013 
1014 
1015 
1016 
1017 
1018 
1019 
1020 
1021 
1022 
1023 
1024 
1025 
1026 
1027 
1028 
1029 
1030 
1031 
1032 
1033 
1034 
1035 
1036 
1037 
1038 
1039 
1040 
1041 
1042 
1043 
1044 
1045 
1046 
1047 
1048 
1049 
1050 
1051 
1052 
1053 
1054 
1055 
1056 
1057 
1058 
1059 
1060 
1061 
1062 
1063 
1064 
1065 
1066 
1067 
1068 
1069 
1070 
1071 
1072 
1073 
1074 
1075 
1076 
1077 
1078 
1079 
1080 
1081 
1082 
1083 
1084 
1085 
1086 
1087 
1088 
1089 
1090 
1091 
1092 
1093 
1094 
1095 
1096 
1097 
1098 
1099 
1100 
1101 
1102 
1103 
1104 
1105 
1106 
1107 
1108 
1109 
1110 
1111 
1112 
1113 
1114 
1115 
1116 
1117 
1118 
1119 
1120 
1121 
1122 
1123 
1124 
1125 
1126 
1127 
1128 
1129 
1130 
1131 
1132 
1133 
1134 
1135 
1136 
1137 
1138 
1139 
1140 
1141 
1142 
1143 
1144 
1145 
1146 
1147 
1148 
1149 
1150 
1151 
1152 
1153 
1154 
1155 
1156 
1157 
1158 
1159 
1160 
1161 
1162 
1163 
1164 
1165 
1166 
1167 
1168 
1169 
1170 
1171 
1172 
1173 
1174 
1175 
1176 
1177 
1178 
1179 
1180 
1181 
1182 
1183 
1184 
1185 
1186 
1187 
1188 
1189 
1190 
1191 
1192 
1193 
1194 
1195 
1196 
1197 
1198 
1199 
1200 
1201 
1202 
1203 
1204 
1205 
1206 
1207 
1208 
1209 
1210 
1211 
1212 
1213 
1214 
1215 
1216 
1217 
1218 
1219 
1220 
1221 
1222 
1223 
1224 
1225 
1226 
1227 
1228 
1229 
1230 
1231 
1232 
1233 
1234 
1235 
1236 
1237 
1238 
1239 
1240 
1241 
1242 
1243 
1244 
1245 
1246 
1247 
1248 
1249 
1250 
1251 
1252 
1253 
1254 
1255 
1256 
1257 
1258 
1259 
1260 
1261 
1262 
1263 
1264 
1265 
1266 
1267 
1268 
1269 
1270 
1271 
1272 
1273 
1274 
1275 
1276 
1277 
1278 
1279 
1280 
1281 
1282 
1283 
1284 
1285 
1286 
1287 
1288 
1289 
1290 
1291 
1292 
1293 
1294 
1295 
1296 
1297 
1298 
1299 
1300 
1301 
1302 
1303 
1304 
1305 
1306 
1307 
1308 
1309 
1310 
1311 
1312 
1313 
1314 
1315 
1316 
1317 
1318 
1319 
1320 
1321 
1322 
1323 
1324 
1325 
1326 
1327 
1328 
1329 
1330 
1331 
1332 
1333 
1334 
1335 
1336 
1337 
1338 
1339 
1340 
1341 
1342 
1343 
1344 
1345 
1346 
1347 
1348 
1349 
1350 
1351 
1352 
1353 
1354 
1355 
1356 
1357 
1358 
1359 
1360 
1361 
1362 
1363 
1364 
1365 
1366 
1367 
1368 
1369 
1370 
1371 
1372 
1373 
1374 
1375 
1376 
1377 
1378 
1379 
1380 
1381 
1382 
1383 
1384 
1385 
1386 
1387 
1388 
1389 
1390 
1391 
1392 
1393 
1394 
1395 
1396 
1397 
1398 
1399 
1400 
1401 
1402 
1403 
1404 
1405 
1406 
1407 
1408 
1409 
1410 
1411 
1412 
1413 
1414 
1415 
1416 
1417 
1418 
1419 
1420 
1421 
1422 
1423 
1424 
1425 
1426 
1427 
1428 
1429 
1430 
1431 
1432 
1433 
1434 
1435 
1436 
1437 
1438 
1439 
1440 
1441 
1442 
1443 
1444 
1445 
1446 
1447 
1448 
1449 
1450 
1451 
1452 
1453 
1454 
1455 
1456 
1457 
1458 
1459 
1460 
1461 
1462 
1463 
1464 
1465 
1466 
1467 
1468 
1469 
1470 
1471 
1472 
1473 
1474 
1475 
1476 
1477 
1478 
1479 
1480 
1481 
1482 
1483 
1484 
1485 
1486 
1487 
1488 
1489 
1490 
1491 
1492 
1493 
1494 
1495 
1496 
1497 
1498 
1499 
1500 
1501 
1502 
1503 
1504 
1505 
1506 
1507 
1508 
1509 
1510 
1511 
1512 
1513 
1514 
1515 
1516 
1517 
1518 
1519 
1520 
1521 
1522 
1523 
1524 
1525 
1526 
1527 
1528 
1529 
1530 
1531 
1532 
1533 
1534 
1535 
1536 
1537 
1538 
1539 
1540 
1541 
1542 
1543 
1544 
1545 
1546 
1547 
1548 
1549 
1550 
1551 
1552 
1553 
1554 
1555 
1556 
1557 
1558 
1559 
1560 
1561 
1562 
1563 
1564 
1565 
1566 
1567 
1568 
1569 
1570 
1571 
1572 
1573 
1574 
1575 
1576 
1577 
1578 
1579 
1580 
1581 
1582 
1583 
1584 
1585 
1586 
1587 
1588 
1589 
1590 
1591 
1592 
1593 
1594 
1595 
1596 
1597 
1598 
1599 
1600 
1601 
1602 
1603 
1604 
1605 
1606 
1607 
1608 
1609 
1610 
1611 
1612 
1613 
1614 
1615 
1616 
1617 
1618 
1619 
1620 
1621 
1622 
1623 
1624 
1625 
1626 
1627 
1628 
1629 
1630 
1631 
1632 
1633 
1634 
1635 
1636 
1637 
1638 
1639 
1640 
1641 
1642 
1643 
1644 
1645 
1646 
1647 
1648 
1649 
1650 
1651 
1652 
1653 
1654 
1655 
1656 
1657 
1658 
1659 
1660 
1661 
1662 
1663 
1664 
1665 
1666 
1667 
1668 
1669 
1670 
1671 
1672 
1673 
1674 
1675 
1676 
1677 
1678 
1679 
1680 
1681 
1682 
1683 
1684 
1685 
1686 
1687 
1688 
1689 
1690 
1691 
1692 
1693 
1694 
1695 
1696 
1697 
1698 
1699 
1700 
1701 
1702 
1703 
1704 
1705 
1706 
1707 
1708 
1709 
1710 
1711 
1712 
1713 
1714 
1715 
1716 
1717 
1718 
1719 
1720 
1721 
1722 
1723 
1724 
1725 
1726 
1727 
1728 
1729 
1730 
1731 
1732 
1733 
1734 
1735 
1736 
1737 
1738 
1739 
1740 
1741 
1742 
1743 
1744 
1745 
1746 
1747 
1748 
1749 
1750 
1751 
1752 
1753 
1754 
1755 
1756 
1757 
1758 
1759 
1760 
1761 
1762 
1763 
1764 
1765 
1766 
1767 
1768 
1769 
1770 
1771 
1772 
1773 
1774 
1775 
1776 
1777 
1778 
1779 
1780 
1781 
1782 
1783 
1784 
1785 
1786 
1787 
1788 
1789 
1790 
1791 
1792 
1793 
1794 
1795 
1796 
1797 
1798 
1799 
1800 
1801 
1802 
1803 
1804 
1805 
1806 
1807 
1808 
1809 
1810 
1811 
1812 
1813 
1814 
1815 
1816 
1817 
1818 
1819 
1820 
1821 
1822 
1823 
1824 
1825 
1826 
1827 
1828 
1829 
1830 
1831 
1832 
1833 
1834 
1835 
1836 
1837 
1838 
1839 
1840 
1841 
1842 
1843 
1844 
1845 
1846 
1847 
1848 
1849 
1850 
1851 
1852 
1853 
1854 
1855 
1856 
1857 
1858 
1859 
1860 
1861 
1862 
1863 
1864 
1865 
1866 
1867 
1868 
1869 
1870 
1871 
1872 
1873 
1874 
1875 
1876 
1877 
1878 
1879 
1880 
1881 
1882 
1883 
1884 
1885 
1886 
1887 
1888 
1889 
1890 
1891 
1892 
1893 
1894 
1895 
1896 
1897 
1898 
1899 
1900 
1901 
1902 
1903 
1904 
1905 
1906 
1907 
1908 
1909 
1910 
1911 
1912 
1913 
1914 
1915 
1916 
1917 
1918 
1919 
1920 
1921 
1922 
1923 
1924 
1925 
1926 
1927 
1928 
1929 
1930 
1931 
1932 
1933 
1934 
1935 
1936 
1937 
1938 
1939 
1940 
1941 
1942 
1943 
1944 
1945 
1946 
1947 
1948 
1949 
1950 
1951 
1952 
1953 
1954 
1955 
1956 
1957 
1958 
1959 
1960 
1961 
1962 
1963 
1964 
1965 
1966 
1967 
1968 
1969 
1970 
1971 
1972 
1973 
1974 
1975 
1976 
1977 
1978 
1979 
1980 
1981 
1982 
1983 
1984 
1985 
1986 
1987 
1988 
1989 
1990 
1991 
1992 
1993 
1994 
1995 
1996 
1997 
1998 
1999 
2000 
2001 
2002 
2003 
2004 
2005 
2006 
2007 
2008 
2009 
2010 
2011 
2012 
2013 
2014 
2015 
2016 
2017 
2018 
2019 
2020 
2021 
2022 
2023 
2024 
2025 
2026 
2027 
2028 
2029 
2030 
2031 
2032 
2033 
2034 
2035 
2036 
2037 
2038 
2039 
2040 
2041 
2042 
2043 
2044 
2045 
2046 
2047 
2048 
2049 
2050 
2051 
2052 
2053 
2054 
2055 
2056 
2057 
2058 
2059 
2060 
2061 
2062 
2063 
2064 
2065 
2066 
2067 
2068 
2069 
2070 
2071 
2072 
2073 
2074 
2075 
2076 
2077 
2078 
2079 
2080 
2081 
2082 
2083 
2084 
2085 
2086 
2087 
2088 
2089 
2090 
2091 
2092 
2093 
2094 
2095 
2096 
2097 
2098 
2099 
2100 
2101 
2102 
2103 
2104 
2105 
2106 
2107 
2108 
2109 
2110 
2111 
2112 
2113 
2114 
2115 
2116 
2117 
2118 
2119 
2120 
2121 
2122 
2123 
2124 
2125 
2126 
2127 
2128 
2129 
2130 
2131 
2132 
2133 
2134 
2135 
2136 
2137 
2138 
2139 
2140 
2141 
2142 
2143 
2144 
2145 
2146 
2147 
2148 
2149 
2150 
2151 
2152 
2153 
2154 
2155 
2156 
2157 
2158 
2159 
2160 
2161 
2162 
2163 
2164 
2165 
2166 
2167 
2168 
2169 
2170 
2171 
2172 
2173 
2174 
2175 
2176 
2177 
2178 
2179 
2180 
2181 
2182 
2183 
2184 
2185 
2186 
2187 
2188 
2189 
2190 
2191 
2192 
2193 
2194 
2195 
2196 
2197 
2198 
2199 
2200 
2201 
2202 
2203 
2204 
2205 
2206 
2207 
2208 
2209 
2210 
2211 
2212 
2213 
2214 
2215 
2216 
2217 
2218 
2219 
2220 
2221 
2222 
2223 
2224 
2225 
2226 
2227 
2228 
2229 
2230 
2231 
2232 
2233 
2234 
2235 
2236 
2237 
2238 
2239 
2240 
2241 
2242 
2243 
2244 
2245 
2246 
2247 
2248 
2249 
2250 
2251 
2252 
2253 
2254 
2255 
2256 
2257 
2258 
2259 
2260 
2261 
2262 
2263 
2264 
2265 
2266 
2267 
2268 
2269 
2270 
2271 
2272 
2273 
2274 
2275 
2276 
2277 
2278 
2279 
2280 
2281 
2282 
2283 
2284 
2285 
2286 
2287 
2288 
2289 
2290 
2291 
2292 
2293 
2294 
2295 
2296 
2297 
2298 
2299 
2300 
2301 
2302 
2303 
2304 
2305 
2306 
2307 
2308 
2309 
2310 
2311 
2312 
2313 
2314 
2315 
2316 
2317 
2318 
2319 
2320 
2321 
2322 
2323 
2324 
2325 
2326 
2327 
2328 
2329 
2330 
2331 
2332 
2333 
2334 
2335 
2336 
2337 
2338 
2339 
2340 
2341 
2342 
2343 
2344 
2345 
2346 
2347 
2348 
2349 
2350 
2351 
2352 
2353 
2354 
2355 
2356 
2357 
2358 
2359 
2360 
2361 
2362 
2363 
2364 
2365 
2366 
2367 
2368 
2369 
2370 
2371 
2372 
2373 
2374 
2375 
2376 
2377 
2378 
2379 
2380 
2381 
2382 
2383 
2384 
2385 
2386 
2387 
2388 
2389 
2390 
2391 
2392 
2393 
2394 
2395 
2396 
2397 
2398 
2399 
2400 
2401 
2402 
2403 
2404 
2405 
2406 
2407 
2408 
2409 
2410 
2411 
2412 
2413 
2414 
2415 
2416 
2417 
2418 
2419 
2420 
2421 
2422 
2423 
2424 
2425 
2426 
2427 
2428 
2429 
2430 
2431 
2432 
2433 
2434 
2435 
2436 
2437 
2438 
2439 
2440 
2441 
2442 
2443 
2444 
2445 
2446 
2447 
2448 
2449 
2450 
2451 
2452 
2453 
2454 
2455 
2456 
2457 
2458 
2459 
2460 
2461 
2462 
2463 
2464 
2465 
2466 
2467 
2468 
2469 
2470 
2471 
2472 
2473 
2474 
2475 
2476 
2477 
2478 
2479 
2480 
2481 
2482 
2483 
2484 
2485 
2486 
2487 
2488 
2489 
2490 
2491 
2492 
2493 
2494 
2495 
2496 
2497 
2498 
2499 
2500 
2501 
2502 
2503 
2504 
2505 
2506 
2507 
2508 
2509 
2510 
2511 
2512 
2513 
2514 
2515 
2516 
2517 
2518 
2519 
2520 
2521 
2522 
2523 
2524 
2525 
2526 
2527 
2528 
2529 
2530 
2531 
2532 
2533 
2534 
2535 
2536 
2537 
2538 
2539 
2540 
2541 
2542 
2543 
2544 
2545 
2546 
2547 
2548 
2549 
2550 
2551 
2552 
2553 
2554 
2555 
2556 
2557 
2558 
2559 
2560 
2561 
2562 
2563 
2564 
2565 
2566 
2567 
2568 
2569 
2570 
2571 
2572 
2573 
2574 
2575 
2576 
2577 
2578 
2579 
2580 
2581 
2582 
2583 
2584 
2585 
2586 
2587 
2588 
2589 
2590 
2591 
2592 
2593 
2594 
2595 
2596 
2597 
2598 
2599 
2600 
2601 
2602 
2603 
2604 
2605 
2606 
2607 
2608 
2609 
2610 
2611 
2612 
2613 
2614 
2615 
2616 
2617 
2618 
2619 
2620 
2621 
2622 
2623 
2624 
2625 
2626 
2627 
2628 
2629 
2630 
2631 
2632 
2633 
2634 
2635 
2636 
2637 
2638 
2639 
2640 
2641 
2642 
2643 
2644 
2645 
2646 
2647 
2648 
2649 
2650 
2651 
2652 
2653 
2654 
2655 
2656 
2657 
2658 
2659 
2660 
2661 
2662 
2663 
2664 
2665 
2666 
2667 
2668 
2669 
2670 
2671 
2672 
2673 
2674 
2675 
2676 
2677 
2678 
2679 
2680 
2681 
2682 
2683 
2684 
2685 
2686 
2687 
2688 
2689 
2690 
2691 
2692 
2693 
2694 
2695 
2696 
2697 
2698 
2699 
2700 
2701 
2702 
2703 
2704 
2705 
2706 
2707 
2708 
2709 
2710 
2711 
2712 
2713 
2714 
2715 
2716 
2717 
2718 
2719 
2720 
2721 
2722 
2723 
2724 
2725 
2726 
2727 
2728 
2729 
2730 
2731 
2732 
2733 
2734 
2735 
2736 
2737 
2738 
2739 
2740 
2741 
2742 
2743 
2744 
2745 
2746 
2747 
2748 
2749 
2750 
2751 
2752 
2753 
2754 
2755 
2756 
2757 
2758 
2759 
2760 
2761 
2762 
2763 
2764 
2765 
2766 
2767 
2768 
2769 
2770 
2771 
2772 
2773 
2774 
2775 
2776 
2777 
2778 
2779 
2780 
2781 
2782 
2783 
2784 
2785 
2786 
2787 
2788 
2789 
2790 
2791 
2792 
2793 
2794 
2795 
2796 
2797 
2798 
2799 
2800 
2801 
2802 
2803 
2804 
2805 
2806 
2807 
2808 
2809 
2810 
2811 
2812 
2813 
2814 
2815 
2816 
2817 
2818 
2819 
2820 
2821 
2822 
2823 
2824 
2825 
2826 
2827 
2828 
2829 
2830 
2831 
2832 
2833 
2834 
2835 
2836 
2837 
2838 
2839 
2840 
2841 
2842 
2843 
2844 
2845 
2846 
2847 
2848 
2849 
2850 
2851 
2852 
2853 
2854 
2855 
2856 
2857 
2858 
2859 
2860 
2861 
2862 
2863 
2864 
2865 
2866 
2867 
2868 
2869 
2870 
2871 
2872 
2873 
2874 
2875 
2876 
2877 
2878 
2879 
2880 
2881 
2882 
2883 
2884 
2885 
2886 
2887 
2888 
2889 
2890 
2891 
2892 
2893 
2894 
2895 
2896 
2897 
2898 
2899 
2900 
2901 
2902 
2903 
2904 
2905 
2906 
2907 
2908 
2909 
2910 
2911 
2912 
2913 
2914 
2915 
2916 
2917 
2918 
2919 
2920 
2921 
2922 
2923 
2924 
2925 
2926 
2927 
2928 
2929 
2930 
2931 
2932 
2933 
2934 
2935 
2936 
2937 
2938 
2939 
2940 
2941 
2942 
2943 
2944 
2945 
2946 
2947 
2948 
2949 
2950 
2951 
2952 
2953 
2954 
2955 
2956 
2957 
2958 
2959 
2960 
2961 
2962 
2963 
2964 
2965 
2966 
2967 
2968 
2969 
2970 
2971 
2972 
2973 
2974 
2975 
2976 
2977 
2978 
2979 
2980 
2981 
2982 
2983 
2984 
2985 
2986 
2987 
2988 
2989 
2990 
2991 
2992 
2993 
2994 
2995 
2996 
2997 
2998 
2999 
3000 
3001 
3002 
3003 
3004 
3005 
3006 
3007 
3008 
3009 
3010 
3011 
3012 
3013 
3014 
3015 
3016 
3017 
3018 
3019 
3020 
3021 
3022 
3023 
3024 
3025 
3026 
3027 
3028 
3029 
3030 
3031 
3032 
3033 
3034 
3035 
3036 
3037 
3038 
3039 
3040 
3041 
3042 
3043 
3044 
3045 
3046 
3047 
3048 
3049 
3050 
3051 
3052 
3053 
3054 
3055 
3056 
3057 
3058 
3059 
3060 
3061 
3062 
3063 
3064 
3065 
3066 
3067 
3068 
3069 
3070 
3071 
3072 
3073 
3074 
3075 
3076 
3077 
3078 
3079 
3080 
3081 
3082 
3083 
3084 
3085 
3086 
3087 
3088 
3089 
3090 
3091 
3092 
3093 
3094 
3095 
3096 
3097 
3098 
3099 
3100 
3101 
3102 
3103 
3104 
3105 
3106 
3107 
3108 
3109 
3110 
3111 
3112 
3113 
3114 
3115 
3116 
3117 
3118 
3119 
3120 
3121 
3122 
3123 
3124 
3125 
3126 
3127 
3128 
3129 
3130 
3131 
3132 
3133 
3134 
3135 
3136 
3137 
3138 
3139 
3140 
3141 
3142 
3143 
3144 
3145 
3146 
3147 
3148 
3149 
110250 
110251 
110252 
110253 
110254 
110255 
110256 
110257 
110258 
110259 
110260 
110261 
110262 
110263 
110264 
110265 
110266 
110267 
110268 
110269 
110270 
110271 
110272 
110273 
110274 
110275 
110276 
110277 
110278 
110279 
110280 
110281 
110282 
110283 
110284 
110285 
110286 
110287 
110288 
110289 
110290 
110291 
110292 
110293 
110294 
110295 
110296 
110297 
110298 
110299 
110300 
110301 
110302 
110303 
110304 
110305 
110306 
110307 
110308 
110309 
110310 
110311 
110312 
110313 
110314 
110315 
110316 
110317 
110318 
110319 
110320 
110321 
110322 
110323 
110324 
110325 
110326 
110327 
110328 
110329 
110330 
110331 
110332 
110333 
110334 
110335 
110336 
110337 
110338 
110339 
110340 
110341 
110342 
110343 
110344 
110345 
110346 
110347 
110348 
110349 
110350 
110351 
110352 
110353 
110354 
110355 
110356 
110357 
110358 
110359 
110360 
110361 
110362 
110363 
110364 
110365 
110366 
110367 
110368 
110369 
110370 
110371 
110372 
110373 
110374 
110375 
110376 
110377 
110378 
110379 
110380 
110381 
110382 
110383 
110384 
110385 
110386 
110387 
110388 
110389 
110390 
110391 
110392 
110393 
110394 
110395 
110396 
110397 
110398 
110399 
110400 
110401 
110402 
110403 
110404 
110405 
110406 
110407 
110408 
110409 
110410 
110411 
110412 
110413 
110414 
110415 
110416 
110417 
110418 
110419 
110420 
110421 
110422 
110423 
110424 
110425 
110426 
110427 
110428 
110429 
110430 
110431 
110432 
110433 
110434 
110435 
110436 
110437 
110438 
110439 
110440 
110441 
110442 
110443 
110444 
110445 
110446 
110447 
110448 
110449 
110450 
110451 
110452 
110453 
110454 
110455 
110456 
110457 
110458 
110459 
110460 
110461 
110462 
110463 
110464 
110465 
110466 
110467 
110468 
110469 
110470 
110471 
110472 
110473 
110474 
110475 
110476 
110477 
110478 
110479 
110480 
110481 
110482 
110483 
110484 
110485 
110486 
110487 
110488 
110489 
110490 
110491 
110492 
110493 
110494 
110495 
110496 
110497 
110498 
110499 
110500 
110501 
110502 
110503 
110504 
110505 
110506 
110507 
110508 
110509 
110510 
110511 
110512 
110513 
110514 
110515 
110516 
110517 
110518 
110519 
110520 
110521 
110522 
110523 
110524 
110525 
110526 
110527 
110528 
110529 
110530 
110531 
110532 
110533 
110534 
110535 
110536 
110537 
110538 
110539 
110540 
110541 
110542 
110543 
110544 
110545 
110546 
110547 
110548 
110549 
110550 
110551 
110552 
110553 
110554 
110555 
110556 
110557 
110558 
110559 
110560 
110561 
110562 
110563 
110564 
110565 
110566 
110567 
110568 
110569 
110570 
110571 
110572 
110573 
110574 
110575 
110576 
110577 
110578 
110579 
110580 
110581 
110582 
110583 
110584 
110585 
110586 
110587 
110588 
110589 
110590 
110591 
110592 
110593 
110594 
110595 
110596 
110597 
110598 
110599 
110600 
110601 
110602 
110603 
110604 
110605 
110606 
110607 
110608 
110609 
110610 
110611 
110612 
110613 
110614 
110615 
110616 
110617 
110618 
110619 
110620 
110621 
110622 
110623 
110624 
110625 
110626 
110627 
110628 
110629 
110630 
110631 
110632 
110633 
110634 
110635 
110636 
110637 
110638 
110639 
110640 
110641 
110642 
110643 
110644 
110645 
110646 
110647 
110648 
110649 
110650 
110651 
110652 
110653 
110654 
110655 
110656 
110657 
110658 
110659 
110660 
110661 
110662 
110663 
110664 
110665 
110666 
110667 
110668 
110669 
110670 
110671 
110672 
110673 
110674 
110675 
110676 
110677 
110678 
110679 
110680 
110681 
110682 
110683 
110684 
110685 
110686 
110687 
110688 
110689 
110690 
110691 
110692 
110693 
110694 
110695 
110696 
110697 
110698 
110699 
110700 
110701 
110702 
110703 
110704 
110705 
110706 
110707 
110708 
110709 
110710 
110711 
110712 
110713 
110714 
110715 
110716 
110717 
110718 
110719 
110720 
110721 
110722 
110723 
110724 
110725 
110726 
110727 
110728 
110729 
110730 
110731 
110732 
110733 
110734 
110735 
110736 
110737 
110738 
110739 
110740 
110741 
110742 
110743 
110744 
110745 
110746 
110747 
110748 
110749 
110750 
110751 
110752 
110753 
110754 
110755 
110756 
110757 
110758 
110759 
110760 
110761 
110762 
110763 
110764 
110765 
110766 
110767 
110768 
110769 
110770 
110771 
110772 
110773 
110774 
110775 
110776 
110777 
110778 
110779 
110780 
110781 
110782 
110783 
110784 
110785 
110786 
110787 
110788 
110789 
110790 
110791 
110792 
110793 
110794 
110795 
110796 
110797 
110798 
110799 
110800 
110801 
110802 
110803 
110804 
110805 
110806 
110807 
110808 
110809 
110810 
110811 
110812 
110813 
110814 
110815 
110816 
110817 
110818 
110819 
110820 
110821 
110822 
110823 
110824 
110825 
110826 
110827 
110828 
110829 
110830 
110831 
110832 
110833 
110834 
110835 
110836 
110837 
110838 
110839 
110840 
110841 
110842 
110843 
110844 
110845 
110846 
110847 
110848 
110849 
110850 
110851 
110852 
110853 
110854 
110855 
110856 
110857 
110858 
110859 
110860 
110861 
110862 
110863 
110864 
110865 
110866 
110867 
110868 
110869 
110870 
110871 
110872 
110873 
110874 
110875 
110876 
110877 
110878 
110879 
110880 
110881 
110882 
110883 
110884 
110885 
110886 
110887 
110888 
110889 
110890 
110891 
110892 
110893 
110894 
110895 
110896 
110897 
110898 
110899 
110900 
110901 
110902 
110903 
110904 
110905 
110906 
110907 
110908 
110909 
110910 
110911 
110912 
110913 
110914 
110915 
110916 
110917 
110918 
110919 
110920 
110921 
110922 
110923 
110924 
110925 
110926 
110927 
110928 
110929 
110930 
110931 
110932 
110933 
110934 
110935 
110936 
110937 
110938 
110939 
110940 
110941 
110942 
110943 
110944 
110945 
110946 
110947 
110948 
110949 
110950 
110951 
110952 
110953 
110954 
110955 
110956 
110957 
110958 
110959 
110960 
110961 
110962 
110963 
110964 
110965 
110966 
110967 
110968 
110969 
110970 
110971 
110972 
110973 
110974 
110975 
110976 
110977 
110978 
110979 
110980 
110981 
110982 
110983 
110984 
110985 
110986 
110987 
110988 
110989 
110990 
110991 
110992 
110993 
110994 
110995 
110996 
110997 
110998 
110999 
111000 
111001 
111002 
111003 
111004 
111005 
111006 
111007 
111008 
111009 
111010 
111011 
111012 
111013 
111014 
111015 
111016 
111017 
111018 
111019 
111020 
111021 
111022 
111023 
111024 
111025 
111026 
111027 
111028 
111029 
111030 
111031 
111032 
111033 
111034 
111035 
111036 
111037 
111038 
111039 
111040 
111041 
111042 
111043 
111044 
111045 
111046 
111047 
111048 
111049 
111050 
111051 
111052 
111053 
111054 
111055 
111056 
111057 
111058 
111059 
111060 
111061 
111062 
111063 
111064 
111065 
111066 
111067 
111068 
111069 
111070 
111071 
111072 
111073 
111074 
111075 
111076 
111077 
111078 
111079 
111080 
111081 
111082 
111083 
111084 
111085 
111086 
111087 
111088 
111089 
111090 
111091 
111092 
111093 
111094 
111095 
111096 
111097 
111098 
111099 
111100 
111101 
111102 
111103 
111104 
111105 
111106 
111107 
111108 
111109 
111110 
111111 
111112 
111113 
111114 
111115 
111116 
111117 
111118 
111119 
111120 
111121 
111122 
111123 
111124 
111125 
111126 
111127 
111128 
111129 
111130 
111131 
111132 
111133 
111134 
111135 
111136 
111137 
111138 
111139 
111140 
111141 
111142 
111143 
111144 
111145 
111146 
111147 
111148 
111149 
111150 
111151 
111152 
111153 
111154 
111155 
111156 
111157 
111158 
111159 
111160 
111161 
111162 
111163 
111164 
111165 
111166 
111167 
111168 
111169 
111170 
111171 
111172 
111173 
111174 
111175 
111176 
111177 
111178 
111179 
111180 
111181 
111182 
111183 
111184 
111185 
111186 
111187 
111188 
111189 
111190 
111191 
111192 
111193 
111194 
111195 
111196 
111197 
111198 
111199 
111200 
111201 
111202 
111203 
111204 
111205 
111206 
111207 
111208 
111209 
111210 
111211 
111212 
111213 
111214 
111215 
111216 
111217 
111218 
111219 
111220 
111221 
111222 
111223 
111224 
111225 
111226 
111227 
111228 
111229 
111230 
111231 
111232 
111233 
111234 
111235 
111236 
111237 
111238 
111239 
111240 
111241 
111242 
111243 
111244 
111245 
111246 
111247 
111248 
111249 
111250 
111251 
111252 
111253 
111254 
111255 
111256 
111257 
111258 
111259 
111260 
111261 
111262 
111263 
111264 
111265 
111266 
111267 
111268 
111269 
111270 
111271 
111272 
111273 
111274 
111275 
111276 
111277 
111278 
111279 
111280 
111281 
111282 
111283 
111284 
111285 
111286 
111287 
111288 
111289 
111290 
111291 
111292 
111293 
111294 
111295 
111296 
111297 
111298 
111299 
111300 
111301 
111302 
111303 
111304 
111305 
111306 
111307 
111308 
111309 
111310 
111311 
111312 
111313 
111314 
111315 
111316 
111317 
111318 
111319 
111320 
111321 
111322 
111323 
111324 
111325 
111326 
111327 
111328 
111329 
111330 
111331 
111332 
111333 
111334 
111335 
111336 
111337 
111338 
111339 
111340 
111341 
111342 
111343 
111344 
111345 
111346 
111347 
111348 
111349 
111350 
111351 
111352 
111353 
111354 
111355 
111356 
111357 
111358 
111359 
111360 
111361 
111362 
111363 
111364 
111365 
111366 
111367 
111368 
111369 
111370 
111371 
111372 
111373 
111374 
111375 
111376 
111377 
111378 
111379 
111380 
111381 
111382 
111383 
111384 
111385 
111386 
111387 
111388 
111389 
111390 
111391 
111392 
111393 
111394 
111395 
111396 
111397 
111398 
111399 
111400 
111401 
111402 
111403 
111404 
111405 
111406 
111407 
111408 
111409 
111410 
111411 
111412 
111413 
111414 
111415 
111416 
111417 
111418 
111419 
111420 
111421 
111422 
111423 
111424 
111425 
111426 
111427 
111428 
111429 
111430 
111431 
111432 
111433 
111434 
111435 
111436 
111437 
111438 
111439 
111440 
111441 
111442 
111443 
111444 
111445 
111446 
111447 
111448 
111449 
111450 
111451 
111452 
111453 
111454 
111455 
111456 
111457 
111458 
111459 
111460 
111461 
111462 
111463 
111464 
111465 
111466 
111467 
111468 
111469 
111470 
111471 
111472 
111473 
111474 
111475 
111476 
111477 
111478 
111479 
111480 
111481 
111482 
111483 
111484 
111485 
111486 
111487 
111488 
111489 
111490 
111491 
111492 
111493 
111494 
111495 
111496 
111497 
111498 
111499 
111500 
111501 
111502 
111503 
111504 
111505 
111506 
111507 
111508 
111509 
111510 
111511 
111512 
111513 
111514 
111515 
111516 
111517 
111518 
111519 
111520 
111521 
111522 
111523 
111524 
111525 
111526 
111527 
111528 
111529 
111530 
111531 
111532 
111533 
111534 
111535 
111536 
111537 
111538 
111539 
111540 
111541 
111542 
111543 
111544 
111545 
111546 
111547 
111548 
111549 
111550 
111551 
111552 
111553 
111554 
111555 
111556 
111557 
111558 
111559 
111560 
111561 
111562 
111563 
111564 
111565 
111566 
111567 
111568 
111569 
111570 
111571 
111572 
111573 
111574 
111575 
111576 
111577 
111578 
111579 
111580 
111581 
111582 
111583 
111584 
111585 
111586 
111587 
111588 
111589 
111590 
111591 
111592 
111593 
111594 
111595 
111596 
111597 
111598 
111599 
111600 
111601 
111602 
111603 
111604 
111605 
111606 
111607 
111608 
111609 
111610 
111611 
111612 
111613 
111614 
111615 
111616 
111617 
111618 
111619 
111620 
111621 
111622 
111623 
111624 
111625 
111626 
111627 
111628 
111629 
111630 
111631 
111632 
111633 
111634 
111635 
111636 
111637 
111638 
111639 
111640 
111641 
111642 
111643 
111644 
111645 
111646 
111647 
111648 
111649 
111650 
111651 
111652 
111653 
111654 
111655 
111656 
111657 
111658 
111659 
111660 
111661 
111662 
111663 
111664 
111665 
111666 
111667 
111668 
111669 
111670 
111671 
111672 
111673 
111674 
111675 
111676 
111677 
111678 
111679 
111680 
111681 
111682 
111683 
111684 
111685 
111686 
111687 
111688 
111689 
111690 
111691 
111692 
111693 
111694 
111695 
111696 
111697 
111698 
111699 
111700 
111701 
111702 
111703 
111704 
111705 
111706 
111707 
111708 
111709 
111710 
111711 
111712 
111713 
111714 
111715 
111716 
111717 
111718 
111719 
111720 
111721 
111722 
111723 
111724 
111725 
111726 
111727 
111728 
111729 
111730 
111731 
111732 
111733 
111734 
111735 
111736 
111737 
111738 
111739 
111740 
111741 
111742 
111743 
111744 
111745 
111746 
111747 
111748 
111749 
111750 
111751 
111752 
111753 
111754 
111755 
111756 
111757 
111758 
111759 
111760 
111761 
111762 
111763 
111764 
111765 
111766 
111767 
111768 
111769 
111770 
111771 
111772 
111773 
111774 
111775 
111776 
111777 
111778 
111779 
111780 
111781 
111782 
111783 
111784 
111785 
111786 
111787 
111788 
111789 
111790 
111791 
111792 
111793 
111794 
111795 
111796 
111797 
111798 
111799 
111800 
111801 
111802 
111803 
111804 
111805 
111806 
111807 
111808 
111809 
111810 
111811 
111812 
111813 
111814 
111815 
111816 
111817 
111818 
111819 
111820 
111821 
111822 
111823 
111824 
111825 
111826 
111827 
111828 
111829 
111830 
111831 
111832 
111833 
111834 
111835 
111836 
111837 
111838 
111839 
111840 
111841 
111842 
111843 
111844 
111845 
111846 
111847 
111848 
111849 
111850 
111851 
111852 
111853 
111854 
111855 
111856 
111857 
111858 
111859 
111860 
111861 
111862 
111863 
111864 
111865 
111866 
111867 
111868 
111869 
111870 
111871 
111872 
111873 
111874 
111875 
111876 
111877 
111878 
111879 
111880 
111881 
111882 
111883 
111884 
111885 
111886 
111887 
111888 
111889 
111890 
111891 
111892 
111893 
111894 
111895 
111896 
111897 
111898 
111899 
111900 
111901 
111902 
111903 
111904 
111905 
111906 
111907 
111908 
111909 
111910 
111911 
111912 
111913 
111914 
111915 
111916 
111917 
111918 
111919 
111920 
111921 
111922 
111923 
111924 
111925 
111926 
111927 
111928 
111929 
111930 
111931 
111932 
111933 
111934 
111935 
111936 
111937 
111938 
111939 
111940 
111941 
111942 
111943 
111944 
111945 
111946 
111947 
111948 
111949 
111950 
111951 
111952 
111953 
111954 
111955 
111956 
111957 
111958 
111959 
111960 
111961 
111962 
111963 
111964 
111965 
111966 
111967 
111968 
111969 
111970 
111971 
111972 
111973 
111974 
111975 
111976 
111977 
111978 
111979 
111980 
111981 
111982 
111983 
111984 
111985 
111986 
111987 
111988 
111989 
111990 
111991 
111992 
111993 
111994 
111995 
111996 
111997 
111998 
111999 
112000 
112001 
112002 
112003 
112004 
112005 
112006 
112007 
112008 
112009 
112010 
112011 
112012 
112013 
112014 
112015 
112016 
112017 
112018 
112019 
112020 
112021 
112022 
112023 
112024 
112025 
112026 
112027 
112028 
112029 
112030 
112031 
112032 
112033 
112034 
112035 
112036 
112037 
112038 
112039 
112040 
112041 
112042 
112043 
112044 
112045 
112046 
112047 
112048 
112049 
112050 
112051 
112052 
112053 
112054 
112055 
112056 
112057 
112058 
112059 
112060 
112061 
112062 
112063 
112064 
112065 
112066 
112067 
112068 
112069 
112070 
112071 
112072 
112073 
112074 
112075 
112076 
112077 
112078 
112079 
112080 
112081 
112082 
112083 
112084 
112085 
112086 
112087 
112088 
112089 
112090 
112091 
112092 
112093 
112094 
112095 
112096 
112097 
112098 
112099 
112100 
112101 
112102 
112103 
112104 
112105 
112106 
112107 
112108 
112109 
112110 
112111 
112112 
112113 
112114 
112115 
112116 
112117 
112118 
112119 
112120 
112121 
112122 
112123 
112124 
112125 
112126 
112127 
112128 
112129 
112130 
112131 
112132 
112133 
112134 
112135 
112136 
112137 
112138 
112139 
112140 
112141 
112142 
112143 
112144 
112145 
112146 
112147 
112148 
112149 
112150 
112151 
112152 
112153 
112154 
112155 
112156 
112157 
112158 
112159 
112160 
112161 
112162 
112163 
112164 
112165 
112166 
112167 
112168 
112169 
112170 
112171 
112172 
112173 
112174 
112175 
112176 
112177 
112178 
112179 
112180 
112181 
112182 
112183 
112184 
112185 
112186 
112187 
112188 
112189 
112190 
112191 
112192 
112193 
112194 
112195 
112196 
112197 
112198 
112199 
112200 
112201 
112202 
112203 
112204 
112205 
112206 
112207 
112208 
112209 
112210 
112211 
112212 
112213 
112214 
112215 
112216 
112217 
112218 
112219 
112220 
112221 
112222 
112223 
112224 
112225 
112226 
112227 
112228 
112229 
112230 
112231 
112232 
112233 
112234 
112235 
112236 
112237 
112238 
112239 
112240 
112241 
112242 
112243 
112244 
112245 
112246 
112247 
112248 
112249 
112250 
112251 
112252 
112253 
112254 
112255 
112256 
112257 
112258 
112259 
112260 
112261 
112262 
112263 
112264 
112265 
112266 
112267 
112268 
112269 
112270 
112271 
112272 
112273 
112274 
112275 
112276 
112277 
112278 
112279 
112280 
112281 
112282 
112283 
112284 
112285 
112286 
112287 
112288 
112289 
112290 
112291 
112292 
112293 
112294 
112295 
112296 
112297 
112298 
112299 
112300 
112301 
112302 
112303 
112304 
112305 
112306 
112307 
112308 
112309 
112310 
112311 
112312 
112313 
112314 
112315 
112316 
112317 
112318 
112319 
112320 
112321 
112322 
112323 
112324 
112325 
112326 
112327 
112328 
112329 
112330 
112331 
112332 
112333 
112334 
112335 
112336 
112337 
112338 
112339 
112340 
112341 
112342 
112343 
112344 
112345 
112346 
112347 
112348 
112349 
112350 
112351 
112352 
112353 
112354 
112355 
112356 
112357 
112358 
112359 
112360 
112361 
112362 
112363 
112364 
112365 
112366 
112367 
112368 
112369 
112370 
112371 
112372 
112373 
112374 
112375 
112376 
112377 
112378 
112379 
112380 
112381 
112382 
112383 
112384 
112385 
112386 
112387 
112388 
112389 
112390 
112391 
112392 
112393 
112394 
112395 
112396 
112397 
112398 
112399 
112400 
112401 
112402 
112403 
112404 
112405 
112406 
112407 
112408 
112409 
112410 
112411 
112412 
112413 
112414 
112415 
112416 
112417 
112418 
112419 
112420 
112421 
112422 
112423 
112424 
112425 
112426 
112427 
112428 
112429 
112430 
112431 
112432 
112433 
112434 
112435 
112436 
112437 
112438 
112439 
112440 
112441 
112442 
112443 
112444 
112445 
112446 
112447 
112448 
112449 
112450 
112451 
112452 
112453 
112454 
112455 
112456 
112457 
112458 
112459 
112460 
112461 
112462 
112463 
112464 
112465 
112466 
112467 
112468 
112469 
112470 
112471 
112472 
112473 
112474 
112475 
112476 
112477 
112478 
112479 
112480 
112481 
112482 
112483 
112484 
112485 
112486 
112487 
112488 
112489 
112490 
112491 
112492 
112493 
112494 
112495 
112496 
112497 
112498 
112499 
112500 
112501 
112502 
112503 
112504 
112505 
112506 
112507 
112508 
112509 
112510 
112511 
112512 
112513 
112514 
112515 
112516 
112517 
112518 
112519 
112520 
112521 
112522 
112523 
112524 
112525 
112526 
112527 
112528 
112529 
112530 
112531 
112532 
112533 
112534 
112535 
112536 
112537 
112538 
112539 
112540 
112541 
112542 
112543 
112544 
112545 
112546 
112547 
112548 
112549 
112550 
112551 
112552 
112553 
112554 
112555 
112556 
112557 
112558 
112559 
112560 
112561 
112562 
112563 
112564 
112565 
112566 
112567 
112568 
112569 
112570 
112571 
112572 
112573 
112574 
112575 
112576 
112577 
112578 
112579 
112580 
112581 
112582 
112583 
112584 
112585 
112586 
112587 
112588 
112589 
112590 
112591 
112592 
112593 
112594 
112595 
112596 
112597 
112598 
112599 
112600 
112601 
112602 
112603 
112604 
112605 
112606 
112607 
112608 
112609 
112610 
112611 
112612 
112613 
112614 
112615 
112616 
112617 
112618 
112619 
112620 
112621 
112622 
112623 
112624 
112625 
112626 
112627 
112628 
112629 
112630 
112631 
112632 
112633 
112634 
112635 
112636 
112637 
112638 
112639 
112640 
112641 
112642 
112643 
112644 
112645 
112646 
112647 
112648 
112649 
112650 
112651 
112652 
112653 
112654 
112655 
112656 
112657 
112658 
112659 
112660 
112661 
112662 
112663 
112664 
112665 
112666 
112667 
112668 
112669 
112670 
112671 
112672 
112673 
112674 
112675 
112676 
112677 
112678 
112679 
112680 
112681 
112682 
112683 
112684 
112685 
112686 
112687 
112688 
112689 
112690 
112691 
112692 
112693 
112694 
112695 
112696 
112697 
112698 
112699 
112700 
112701 
112702 
112703 
112704 
112705 
112706 
112707 
112708 
112709 
112710 
112711 
112712 
112713 
112714 
112715 
112716 
112717 
112718 
112719 
112720 
112721 
112722 
112723 
112724 
112725 
112726 
112727 
112728 
112729 
112730 
112731 
112732 
112733 
112734 
112735 
112736 
112737 
112738 
112739 
112740 
112741 
112742 
112743 
112744 
112745 
112746 
112747 
112748 
112749 
112750 
112751 
112752 
112753 
112754 
112755 
112756 
112757 
112758 
112759 
112760 
112761 
112762 
112763 
112764 
112765 
112766 
112767 
112768 
112769 
112770 
112771 
112772 
112773 
112774 
112775 
112776 
112777 
112778 
112779 
112780 
112781 
112782 
112783 
112784 
112785 
112786 
112787 
112788 
112789 
112790 
112791 
112792 
112793 
112794 
112795 
112796 
112797 
112798 
112799 
112800 
112801 
112802 
112803 
112804 
112805 
112806 
112807 
112808 
112809 
112810 
112811 
112812 
112813 
112814 
112815 
112816 
112817 
112818 
112819 
112820 
112821 
112822 
112823 
112824 
112825 
112826 
112827 
112828 
112829 
112830 
112831 
112832 
112833 
112834 
112835 
112836 
112837 
112838 
112839 
112840 
112841 
112842 
112843 
112844 
112845 
112846 
112847 
112848 
112849 
112850 
112851 
112852 
112853 
112854 
112855 
112856 
112857 
112858 
112859 
112860 
112861 
112862 
112863 
112864 
112865 
112866 
112867 
112868 
112869 
112870 
112871 
112872 
112873 
112874 
112875 
112876 
112877 
112878 
112879 
112880 
112881 
112882 
112883 
112884 
112885 
112886 
112887 
112888 
112889 
112890 
112891 
112892 
112893 
112894 
112895 
112896 
112897 
112898 
112899 
112900 
112901 
112902 
112903 
112904 
112905 
112906 
112907 
112908 
112909 
112910 
112911 
112912 
112913 
112914 
112915 
112916 
112917 
112918 
112919 
112920 
112921 
112922 
112923 
112924 
112925 
112926 
112927 
112928 
112929 
112930 
112931 
112932 
112933 
112934 
112935 
112936 
112937 
112938 
112939 
112940 
112941 
112942 
112943 
112944 
112945 
112946 
112947 
112948 
112949 
112950 
112951 
112952 
112953 
112954 
112955 
112956 
112957 
112958 
112959 
112960 
112961 
112962 
112963 
112964 
112965 
112966 
112967 
112968 
112969 
112970 
112971 
112972 
112973 
112974 
112975 
112976 
112977 
112978 
112979 
112980 
112981 
112982 
112983 
112984 
112985 
112986 
112987 
112988 
112989 
112990 
112991 
112992 
112993 
112994 
112995 
112996 
112997 
112998 
112999 
113000 
113001 
113002 
113003 
113004 
113005 
113006 
113007 
113008 
113009 
113010 
113011 
113012 
113013 
113014 
113015 
113016 
113017 
113018 
113019 
113020 
113021 
113022 
113023 
113024 
113025 
113026 
113027 
113028 
113029 
113030 
113031 
113032 
113033 
113034 
113035 
113036 
113037 
113038 
113039 
113040 
113041 
113042 
113043 
113044 
113045 
113046 
113047 
113048 
113049 
113050 
113051 
113052 
113053 
113054 
113055 
113056 
113057 
113058 
113059 
113060 
113061 
113062 
113063 
113064 
113065 
113066 
113067 
113068 
113069 
113070 
113071 
113072 
113073 
113074 
113075 
113076 
113077 
113078 
113079 
113080 
113081 
113082 
113083 
113084 
113085 
113086 
113087 
113088 
113089 
113090 
113091 
113092 
113093 
113094 
113095 
113096 
113097 
113098 
113099 
113100 
113101 
113102 
113103 
113104 
113105 
113106 
113107 
113108 
113109 
113110 
113111 
113112 
113113 
113114 
113115 
113116 
113117 
113118 
113119 
113120 
113121 
113122 
113123 
113124 
113125 
113126 
113127 
113128 
113129 
113130 
113131 
113132 
113133 
113134 
113135 
113136 
113137 
113138 
113139 
113140 
113141 
113142 
113143 
113144 
113145 
113146 
113147 
113148 
113149 
113150 
113151 
113152 
113153 
113154 
113155 
113156 
113157 
113158 
113159 
113160 
113161 
113162 
113163 
113164 
113165 
113166 
113167 
113168 
113169 
113170 
113171 
113172 
113173 
113174 
113175 
113176 
113177 
113178 
113179 
113180 
113181 
113182 
113183 
113184 
113185 
113186 
113187 
113188 
113189 
113190 
113191 
113192 
113193 
113194 
113195 
113196 
113197 
113198 
113199 
113200 
113201 
113202 
113203 
113204 
113205 
113206 
113207 
113208 
113209 
113210 
113211 
113212 
113213 
113214 
113215 
113216 
113217 
113218 
113219 
113220 
113221 
113222 
113223 
113224 
113225 
113226 
113227 
113228 
113229 
113230 
113231 
113232 
113233 
113234 
113235 
113236 
113237 
113238 
113239 
113240 
113241 
113242 
113243 
113244 
113245 
113246 
113247 
113248 
113249 
113250 
113251 
113252 
113253 
113254 
113255 
113256 
113257 
113258 
113259 
113260 
113261 
113262 
113263 
113264 
113265 
113266 
113267 
113268 
113269 
113270 
113271 
113272 
113273 
113274 
113275 
113276 
113277 
113278 
113279 
113280 
113281 
113282 
113283 
113284 
113285 
113286 
113287 
113288 
113289 
113290 
113291 
113292 
113293 
113294 
113295 
113296 
113297 
113298 
113299 
113300 
113301 
113302 
113303 
113304 
113305 
113306 
113307 
113308 
113309 
113310 
113311 
113312 
113313 
113314 
113315 
113316 
113317 
113318 
113319 
113320 
113321 
113322 
113323 
113324 
113325 
113326 
113327 
113328 
113329 
113330 
113331 
113332 
113333 
113334 
113335 
113336 
113337 
113338 
113339 
113340 
113341 
113342 
113343 
113344 
113345 
113346 
113347 
113348 
113349 
113350 
113351 
113352 
113353 
113354 
113355 
113356 
113357 
113358 
113359 
113360 
113361 
113362 
113363 
113364 
113365 
113366 
113367 
113368 
113369 
113370 
113371 
113372 
113373 
113374 
113375 
113376 
113377 
113378 
113379 
113380 
113381 
113382 
113383 
113384 
113385 
113386 
113387 
113388 
113389 
113390 
113391 
113392 
113393 
113394 
113395 
113396 
113397 
113398 
113399 
)

// ************************************************************************* //
